Maryland,1,73843,176342,2,120412,70411,3,128594,87029,4,134628,54217,5,144725,80752,6,94704,91930,7,144639,55860,8,136722,87859
North Carolina,1,154333,55990,2,85479,122128,3,66182,139415,4,169946,57416,5,88973,139279,6,103758,147312,7,84054,134431,8,65854,121568,9,0,163080,10,85292,133504,11,85342,144682,12,130096,42568,13,114718,153991
Idaho,1,77277,143580,2,82801,131492
Hawaii,1,93390,86454,2,142010,33630
New Jersey,1,93315,64073,2,66026,108875,3,82537,100471,4,54415,118826,5,81808,104678,6,72190,46891,7,68232,104287,8,61510,15141,9,82498,36246,10,95734,14154,11,65477,109455,12,90430,54168
Arkansas,1,63555,124139,2,103477,123073,3,0,151630,4,87742,110789
Alaska,AL,114596,142566
Missouri,1,119315,35273,2,75384,148191,3,52021,130940,4,46464,120014,5,79256,69071,6,55157,124616,7,47282,104054,8,38721,106124
Ohio,1,72604,124779,2,68453,132658,3,91769,51475,4,60165,125907,5,58507,134449,6,73561,111026,7,0,143959,8,51534,126539,9,108870,51704,10,63249,130752,11,137105,35461,12,61360,150573,13,120230,55233,14,70856,135736,15,66125,128496,16,75199,132176
Kansas,1,65397,138764,2,87153,128742,3,89584,134493,4,69396,138757
Oregon,1,160038,96245,2,73785,202374,3,211748,57424,4,181624,116534,5,150944,110332
Montana,AL,148690,203871
Washington,1,124151,101428,2,122173,79518,3,78018,124796,4,0,153079,5,87772,135470,6,141265,83025,7,203954,47921,8,73003,125741,9,118132,48662,10,99279,82213
Iowa,1,141145,147762,2,143431,129455,3,119109,148814,4,105504,169834
Mississippi,1,43713,102622,2,100688,0,3,47744,117771,4,37869,108776
Florida,1,54976,165086,2,126096,123262,3,73910,148691,4,0,177887,5,112340,59237,6,99563,166254,7,73011,144474,8,93724,180728,9,93850,74963,10,89426,143128,11,90786,181508,12,0,0,13,0,168172,14,0,0,15,84832,128750,16,105483,169126,17,82263,141493,18,151478,101896,19,80824,159354,20,128498,28968,21,153395,0,22,125404,90685,23,103269,61519,24,129192,15239,25,0,0,26,78306,83031,27,0,0
Kentucky,1,63596,173022,2,69898,156936,3,157056,87981,4,71694,150464,5,47617,171350,6,98290,147404
Maine,1,186674,94751,2,118568,133320
West Virginia,1,51842,91843,2,67210,72042,3,62418,77263
Wyoming,AL,37803,113038
California,1,84320,132052,2,163124,54400,3,79224,71036,4,0,211134,5,129613,0,6,97008,36448,7,92521,91066,8,37056,77480,9,63475,57729,10,55123,70582,11,117502,57160,12,160067,32197,13,168491,21940,14,114389,34757,15,99756,43148,16,46277,44943,17,134408,0,18,133060,63326,19,127788,0,20,106034,0,21,33470,45907,22,37289,96053,23,33726,100317,24,103228,95566,25,0,114072,26,87176,82653,27,75728,51852,28,91996,0,29,50096,17045,30,86568,45315,31,51622,48162,32,50353,34053,33,108331,74700,34,61607,0,35,62255,0,36,72682,61457,37,96787,18051,38,58192,40288,39,41906,91319,40,49379,0,41,46948,35936,42,38850,74540,43,69681,28521,44,59670,0,45,56819,106083,46,49738,33577,47,69091,54309,48,62713,112082,49,64981,98161,50,45302,111997,51,56373,25577,52,98826,92746,53,87104,60940
Wisconsin,1,105552,182316,2,224920,103619,3,155368,119540,4,179045,68490,5,101190,231160,6,122212,169767,7,112949,169891,8,101345,188553
Utah,1,36422,84231,2,47585,88915,3,32059,102952,4,67425,74936
Connecticut,1,135686,78520,2,141851,80842,3,141197,69223,4,106791,91928,5,112550,96625
Michigan,1,113263,130414,2,70851,135568,3,84720,125754,4,85777,123962,5,148182,69222,6,84391,116801,7,92083,119564,8,102269,132739,9,136342,81470,10,67143,157069,11,101681,140435,12,134346,64716,13,132710,27234,14,165272,41801
New York,1,78722,94035,2,41814,95177,3,90032,74269,4,89793,80127,5,75712,0,6,55368,0,7,56593,5713,8,77255,0,9,82659,0,10,89080,0,11,45244,58886,12,90603,22731,13,68396,0,14,50352,0,15,54906,0,16,99658,0,17,98158,75781,18,88993,85660,19,72470,131594,20,125111,79104,21,59063,96226,22,0,129851,23,70242,113130,24,80304,118474,25,96803,95932,26,113210,52909,27,58911,144675
Nevada,1,45643,30413,2,52016,122402,3,52644,88528,4,59844,63466
Illinois,1,162268,59749,2,160337,43799,3,116764,64091,4,79666,22278,5,116364,56350,6,78465,160287,7,155110,27168,8,84178,66878,9,141000,72384,10,91136,95992,11,93436,81335,12,87860,110038,13,86935,123337,14,76861,145369,15,55652,166274,16,63810,153388,17,110560,88785,18,62377,184363
New Hampshire,1,116769,125508,2,130679,106857
Nebraska,1,55838,123219,2,83872,78157,3,45524,139440
Delaware,AL,137251,85146
Virginia,1,72059,131861,2,71178,101558,3,139197,0,4,75270,120684,5,73482,124735,6,0,133898,7,89914,148026,8,128102,63810,9,0,117465,10,89957,125914,11,106780,75796
Massachusetts,1,167612,0,2,169640,0,3,139104,81638,4,184158,0,5,182100,0,6,149638,111989,7,142133,0,8,200644,0,9,140413,114971
Alabama,1,48278,103758,2,54692,113103,3,52816,103558,4,0,132831,5,0,115338,6,42291,135945,7,133687,0
Indiana,1,86579,51000,2,55590,85583,3,39771,97892,4,47056,94998,5,49756,105277,6,45509,102187,7,61443,46887,8,61384,103344,9,55016,101594
,,,,Louisiana,1,46047,189250,2,190000,0,3,0,207926,4,0,152683,5,67611,168084,6,89212,165706,,,,,,,,,
Vermont,AL,123349,59432
Arizona,1,97391,87723,2,109543,109704,3,58192,46185,4,45179,122560,5,54596,124867,6,70198,129578,7,54235,0,8,0,128710,9,88609,67841
North Dakota,AL,95678,138100
South Carolina,1,0,119392,2,68719,121649,3,47181,116741,4,0,126452,5,71985,103078,6,125747,44311,7,68576,102833
Tennessee,1,0,115533,2,37612,120883,3,53983,97344,4,51357,84815,5,96148,55078,6,37232,115231,7,42280,110534,8,42433,122255,9,87376,27173
Georgia,1,61175,95337,2,96363,66537,3,0,156277,4,161211,0,5,170326,0,6,71486,139018,7,60112,113557,8,0,129938,9,34988,146059,10,65777,130703,11,0,161532,12,75478,91336,13,159445,0,14,0,118782
Rhode Island,1,87060,58877,2,105716,63844
South Dakota,AL,92485,183834
New Mexico,1,105474,74558,2,52499,95209,3,113249,70775
Minnesota,1,122851,103536,2,95565,137778,3,101846,167515,4,147857,79492,5,167079,56577,6,90926,133328,7,130546,109955,8,129090,125358
Texas,1,33476,115084,2,44462,101936,3,0,113404,4,0,115085,5,0,88998,6,55027,92334,7,49478,90606,8,0,125066,9,78109,0,10,60243,109726,11,0,107939,12,41757,113186,13,16822,110842,14,52545,90116,15,48708,39016,16,49338,21324,17,43049,85807,18,76097,26249,19,21325,89326,20,66554,0,21,0,135660,22,47844,100861,23,55037,57459,24,46548,93712,25,64463,107120,26,0,116944,27,44152,83342,28,62508,0,29,41321,0,30,93041,0,31,45715,91607,32,55325,96495,33,43769,0,34,47503,30811,35,60124,32040,36,29543,101663
Colorado,1,183281,80682,2,196300,149645,3,100364,163011,4,83727,185292,5,105673,157182,6,118847,143467,7,148225,120918,
Oklahoma,1,0,0,2,38964,110925,3,36270,133335,4,40998,117721,5,57790,95632
Pennsylvania,1,131248,27193,2,181141,25397,3,73931,113859,4,50250,147090,5,65839,115018,6,92901,119643,7,89256,145869,8,84767,137731,9,63223,110094,10,44737,112851,11,62228,122464,12,87928,127993,13,123601,60549,14,148351,0,15,0,128285,16,74513,101722,17,93680,71371,18,0,166076