(6,6),(4,4),(3,4),(2,5),(1,8),(2,10),(3,11),(4,11),(6,11),(5,12),(3,12),(1,11),(0,9),(0,7),(1,4),(3,3),(5,3),(6,4)
(12,2),(14,1),(16,1),(16,2),(14,3),(15,5),(14,7),(15,9),(17,10),(19,13),(18,14),(17,13),(16,11),(14,10),(13,11),(14,13),(14,18),(12,16),(10,16),(8,18),(8,13),(9,11),(7,10),(6,9),(6,4),(8,1),(10,1),(10,2),(8,3),(10,4),(11,5),(11,6),(10,7)
(9,13),(6,13)
(16,12),(13,13),(16,14)
(16,1),(15,2)
(6,12),(9,13),(6,14)
(14,2),(15,1)
(6,5),(7,4),(8,5),(8,8)
(10,13),(11,12),(12,13)
(8,2),(9,1)
(14,5),(13,3),(12,2),(10,2)
(9,2),(10,1)
(16,13),(13,13)
